Bottle
 0.93
 0.86
 0.86
 0.78
 0.87
 0.86
 0.92
 0.99
 0.97
 0.96
Cable
 0.82
 0.86
 0.78
 0.79
 0.90
 0.92
 0.91
 0.70
 0.90
 0.93
Capsule
 0.94
 0.88
 0.84
 0.84
 0.74
 0.93
 0.92
 0.84
 0.93
 0.95
Carpet
 0.87
 0.59
 0.54
 0.72
 0.78
 0.88
 0.74
 0.57
 0.96
 0.99
Grid
 0.94
 0.90
 0.58
 0.59
 0.73
 0.97
 0.96
 0.98
 0.91
 0.95
Hazelnut
 0.97
 0.95
 0.87
 0.72
 0.98
 0.97
 0.98
 0.97
 0.95
 0.97
Leather
 0.78
 0.75
 0.64
 0.87
 0.95
 0.86
 0.93
 0.89
 0.98
 0.99
Metal Nut
 0.89
 0.86
 0.76
 0.82
 0.94
 0.92
 0.91
 0.79
 0.94
 0.98
Pill
 0.91
 0.85
 0.87
 0.68
 0.83
 0.92
 0.93
 0.91
 0.81
 0.97
Screw
 0.96
 0.96
 0.80
 0.87
 0.97
 0.96
 0.95
 1.00
 0.86
 0.93
Tile
 0.59
 0.51
 0.50
 0.93
 0.80
 0.62
 0.65
 0.97
 0.91
 0.98
Toothbrush
 0.92
 0.93
 0.90
 0.77
 0.94
 0.96
 0.99
 0.99
 0.94
 0.95
Transistor
 0.90
 0.86
 0.80
 0.66
 0.93
 0.85
 0.92
 0.82
 0.88
 0.90
Wood
 0.73
 0.73
 0.62
 0.91
 0.77
 0.80
 0.84
 0.98
 0.88
 0.94
Zipper
 0.88
 0.77
 0.78
 0.76
 0.78
 0.90
 0.87
 0.90
 0.92
 0.98
Mean
 0.86
 0.82
 0.74
 0.78
 0.86
 0.89
 0.89
 0.89
 0.92
 0.96
σ
 0.10
 0.13
 0.13
 0.10
 0.09
 0.09
 0.09
 0.12
 0.04
 0.02
